0
1
2
Connecting to radio://0/80/2M/E7E7E7E701
Connecting to radio://0/70/2M/E7E7E7E703
Connecting to radio://0/70/2M/E7E7E7E701
Connected to radio://0/70/2M/E7E7E7E701
Connected to radio://0/80/2M/E7E7E7E701
Connected to radio://0/70/2M/E7E7E7E703
[-0.980992913246, 1.18927741051, 1.0]
[0.82948333025, -0.351295918226, 1.0]
[-0.75069385767, -1.76648461819, 1.0]
0.0 0.0 1.0
Cokgen kenar:  3
0 [-0.5000000000000001, -0.28867513459481253, 1.0]
1 [0.5, -0.28867513459481287, 1.0]
2 [2.220446049250313e-16, 0.5773502691896258, 1.0]
Parameters downloaded for radio://0/70/2M/E7E7E7E701
Parameters downloaded for radio://0/80/2M/E7E7E7E701
Parameters downloaded for radio://0/70/2M/E7E7E7E703
0.0 0.0 1.0
Cokgen kenar:  3
0 [-0.75, -0.43301270189221885, 1.0]
1 [0.75, -0.4330127018922193, 1.0]
2 [3.3306690738754696e-16, 0.8660254037844387, 1.0]
0.0 0.0 1.0
Cokgen kenar:  3
0 [-0.25000000000000006, -0.14433756729740627, 1.0]
1 [0.25, -0.14433756729740643, 1.0]
2 [1.1102230246251565e-16, 0.2886751345948129, 1.0]
0.0 0.0 0.5
Cokgen kenar:  3
0 [-0.5000000000000001, -0.28867513459481253, 0.5]
1 [0.5, -0.28867513459481287, 0.5]
2 [2.220446049250313e-16, 0.5773502691896258, 0.5]
0.0 0.0 1.0
Cokgen kenar:  4
0 [-0.4999999999999999, 0.5000000000000001, 1.0]
1 [-0.5000000000000001, -0.4999999999999999, 1.0]
2 [0.5000000000000001, 0.5, 1.0]
0.0 0.0 1.0
Cokgen kenar:  6
0 [-0.4999999999999998, 0.8660254037844395, 1.0]
1 [-0.5000000000000009, -0.8660254037844379, 1.0]
2 [0.5000000000000002, 0.866025403784439, 1.0]
0.0 0.0 1.0
Cokgen kenar:  3
0 [2.220446049250313e-16, 0.5773502691896258, 1.0]
1 [-0.5000000000000001, -0.28867513459481253, 1.0]
2 [0.5, -0.28867513459481287, 1.0]
You pressed Ctrl+C!
